3 20
621
403
250
950
646
805
389
858
82
991
505
858
341
199
703
325
203
95
115
405
4 20
506
757
201
431
438
591
438
678
794
349
387
467
126
432
710
354
350
827
919
696
5 20
881
500
199
370
628
472
784
286
468
594
761
560
675
655
83
458
444
334
739
277
6 20
376
963
358
546
78
546
549
818
309
232
75
785
579
494
805
957
824
810
923
943
7 20
638
416
670
399
959
127
340
244
99
754
421
584
418
726
457
756
575
58
838
903
8 20
690
270
828
485
705
810
287
266
365
335
869
58
176
915
776
377
205
179
530
346
9 20
315
421
719
627
583
969
918
352
165
920
509
908
449
794
542
217
156
878
441
421
10 20
815
140
965
885
322
862
498
173
595
80
415
853
612
652
803
358
214
125
988
275
11 20
448
969
299
276
123
887
115
973
457
970
825
647
626
754
121
389
210
257
92
543
12 20
964
299
442
715
203
530
208
903
65
303
378
248
452
506
957
865
762
554
840
645
13 20
145
351
834
801
920
839
790
886
635
71
339
79
396
194
614
115
642
378
407
711
14 20
477
670
240
244
235
408
332
739
135
50
604
449
761
763
558
920
561
613
769
110
